预测接下来每隔5天（相当于75天）的治愈人数：
美国：
2401426.40492016 
2571286.69429872 
2751907.33560529 
2943969.97829447
3148199.45312035 
3365366.50759618 
3596290.7147407  
3841843.56608842
4102951.76063669 
4380600.7021418  
4675838.21796269 
4989778.51348686
5323606.37706229 
5678581.65130439 
6056043.98765242

中国：
78229.46876779 
78229.48180761 
78229.4897308  
78229.49454505
78229.49747026 
78229.49924766 
78229.50032764 
78229.50098385
78229.50138257 
78229.50162484 
78229.50177205 
78229.50186149
78229.50191584 
78229.50194886 
78229.50196893

印度：
845837.4725067   
975924.73864081 
1125432.61889635 
1297260.39976048
1494740.19966286 
1721701.58607755 
1982545.83925555 
2282331.30272498
2626871.47569267 
3022847.74957465 
3477938.97486455 
4000970.37092639
4602084.6664001  
5292938.7890083  
6086929.91901234

瑞典：
4979.40897 
4979.40897 
4979.40897 
4979.40897 
4979.40897 
4979.40897
4979.40897 
4979.40897 
4979.40897 
4979.40897 
4979.40897 
4979.40897
4979.40897 
4979.40897 
4979.40897

治愈率数据：(线性回归拟合)
美国：
b0= 0.01278738 bn= 0.01149732 R2= 0.9393554217102719
预测值： 
0.47268022
 0.48417755
 0.49567487
 0.50717219
 0.51866951
 0.53016683
 0.54166415
 0.55316147
 0.56465879
 0.57615611
 0.58765344
 0.59915076
 0.61064808
 0.6221454 
 0.63364272

印度：（线性回归模拟）
b0= 0.03312596 bn= 0.01916128 R2= 0.9659651306163491
预测值： 0.83789952
 0.85706079
 0.87622207
 0.89538334
 0.91454462
 0.93370589
 0.95286717
 0.97202845
 0.99118972
 1.010351  
 1.02951227
 1.04867355
 1.06783482
 1.0869961 
 1.10615737

中国：非线性模拟
预测值：稳定
0.91615 
0.91615 
0.91615 
0.91615 
0.91615 
0.91615 
0.91615 
0.91615
0.91615 
0.91615 
0.91615 
0.91615 
0.91615 
0.91615